# Monthly zonal-mean total column ozone climatology (Dobson units), average of 2005-2024
# Source: NASA SBUV Merged Ozone Data Set, version 8.7 (described for version 8.6 by Frith et al. 2014, doi:10.1002/2014JD021889), https://acd-ext.gsfc.nasa.gov/Data_services/merged/data/sbuv.v87.mod_v14.70-25.za.txt
# Generated 2026-09-27 by plugins/solarposition/utilities/generate_ozone_climatology.py
# A band-month with data in fewer than 10 of the years is nan (high-latitude winter months, when the sun is too low for the measurements, and all months poleward of 80 degrees)
# Columns: latitude_min latitude_max Jan Feb Mar Apr May Jun Jul Aug Sep Oct Nov Dec
 -90  -85    nan    nan    nan    nan    nan    nan    nan    nan    nan    nan    nan    nan
 -85  -80    nan    nan    nan    nan    nan    nan    nan    nan    nan    nan    nan    nan
 -80  -75  283.1  275.1  275.7    nan    nan    nan    nan    nan    nan  179.8  235.9  280.8
 -75  -70  288.1  282.5  282.7    nan    nan    nan    nan    nan  196.5  212.9  257.1  288.9
 -70  -65  295.9  290.8  288.8  292.6    nan    nan    nan    nan  234.6  259.4  285.8  300.5
 -65  -60  302.2  294.8  291.1  296.9  300.8    nan    nan  296.4  286.6  304.3  312.6  310.1
 -60  -55  302.3  292.1  287.6  294.4  305.2  311.2  322.0  328.1  331.5  338.8  328.3  313.5
 -55  -50  296.7  285.4  280.5  287.5  302.9  317.5  330.0  342.8  348.8  349.2  331.9  310.4
 -50  -45  286.9  277.8  273.8  279.0  296.6  314.4  329.9  344.2  349.2  346.2  326.9  302.7
 -45  -40  278.1  272.2  269.1  272.4  287.5  307.9  323.6  337.8  342.2  338.0  318.3  293.4
 -40  -35  272.4  268.0  266.8  267.3  277.9  294.9  309.4  323.0  328.5  325.6  308.5  286.3
 -35  -30  267.7  263.6  264.0  263.7  268.5  279.4  291.1  303.0  311.2  311.2  299.0  281.1
 -30  -25  262.9  259.0  259.3  260.4  260.7  266.9  274.8  284.7  294.3  296.9  289.6  275.4
 -25  -20  259.3  255.8  255.3  256.0  255.8  258.8  264.0  271.7  281.4  284.8  280.5  268.7
 -20  -15  256.3  253.8  253.2  252.4  251.7  253.2  256.8  263.3  271.6  274.5  271.7  263.6
 -15  -10  252.5  251.4  251.8  250.7  249.3  249.7  252.8  258.4  264.7  265.9  263.8  258.0
 -10   -5  248.1  248.4  250.4  250.0  249.5  250.5  253.6  258.5  262.6  261.1  257.2  251.8
  -5    0  244.8  246.5  250.3  251.0  251.1  254.0  257.8  262.2  264.3  259.1  252.8  247.4
   0    5  242.9  245.0  250.7  253.0  253.4  257.4  261.8  265.2  265.1  258.2  251.0  245.5
   5   10  242.1  244.3  251.7  257.0  259.6  262.9  266.1  267.7  266.4  259.1  251.4  245.0
  10   15  243.1  246.3  255.6  264.2  269.1  271.7  273.2  272.6  270.2  262.3  253.3  245.3
  15   20  246.7  252.5  263.2  273.7  278.6  279.6  279.5  276.5  272.7  264.3  255.5  247.9
  20   25  253.6  261.5  273.8  286.2  290.2  287.4  285.4  280.6  275.1  266.6  259.1  252.5
  25   30  265.5  273.9  287.2  300.7  302.9  294.7  290.6  285.3  278.5  269.5  263.7  261.1
  30   35  286.6  295.0  307.2  317.5  315.0  303.2  295.6  289.7  282.4  272.4  270.5  276.9
  35   40  316.9  326.3  335.9  339.0  331.1  317.3  302.4  295.0  287.6  277.8  282.7  299.9
  40   45  348.2  359.1  363.9  360.1  349.0  332.9  312.5  301.5  293.3  286.1  297.6  324.5
  45   50  369.1  384.5  385.4  376.9  363.8  345.7  323.9  309.2  298.9  295.7  312.6  344.4
  50   55  380.8  399.8  400.6  389.2  373.3  352.7  331.9  314.7  303.3  304.9  324.1  353.2
  55   60  385.8  408.2  410.1  399.2  380.0  355.3  333.3  315.4  305.2  311.0  330.0  355.2
  60   65  380.5  409.6  414.2  406.6  384.6  352.1  328.0  311.2  303.0  311.8  328.6  347.5
  65   70    nan  407.1  417.9  413.8  386.8  348.9  320.7  305.1  298.7  309.9  320.7    nan
  70   75    nan  403.8  421.3  419.3  389.3  348.3  317.1  298.6  293.8  304.0    nan    nan
  75   80    nan    nan  419.2  421.1  389.6  347.6  313.5  292.6  287.7    nan    nan    nan
  80   85    nan    nan    nan    nan    nan    nan    nan    nan    nan    nan    nan    nan
  85   90    nan    nan    nan    nan    nan    nan    nan    nan    nan    nan    nan    nan
